4.745348	5.058335	-2.291959
5.377996	4.432645	-2.973448
6.300519	4.952243	-3.207251
4.791738	4.116655	-3.862481
5.842866	3.209507	-2.229032
5.871460	3.156591	-0.999533
6.173341	2.203272	-2.991742
6.243532	2.306862	-3.987204
6.498858	0.761073	-2.783847
5.805231	0.080664	-3.441113
7.872247	0.558034	-3.490596
8.711830	1.024749	-3.055159
8.060045	-0.471637	-3.527878
7.895394	1.119465	-4.418746
6.496095	-0.024809	-1.401840
6.786376	-1.221906	-1.443665
6.161275	0.615742	-0.272948
5.869901	1.548484	-0.414370
6.217220	-0.003973	1.049489
6.095294	-1.127407	0.973112
7.147790	0.126157	1.598725
5.475349	0.451446	1.651985
