1 1 -17492086368157.14
2 1 1948837744942.057
3 1 11501411130964.23
4 1 3975021810642.279
5 1 66815681608.58022
1 2 13959859884412.82
2 2 -16064268874743.58
6 2 1829644911073.646
7 2 274764079257.1189
1 3 13276884922957.17
3 3 -13301439027803.1
5 3 24554104845.92767
1 4 10699613245607.47
4 4 -12496762038637.81
8 4 1797148793030.333
1 5 236674256366.2826
3 5 75344518373.08267
5 5 -22003682960609.21
9 5 6918315599165.336
10 5 14773348586704.51
2 6 15472424115666.92
6 6 -15663626485669.57
11 6 191202370002.6476
2 7 6529775898226.847
7 7 -8471475883466.74
12 7 1941699985239.894
4 8 13585428239558.19
8 8 -16377142687268.69
13 8 2791714447710.505
5 9 10015099846448.7
9 9 -11985042544225.93
11 9 1797570731138.611
14 9 172371966638.6151
5 10 7254252203760.489
10 10 -7953740482873.257
15 10 699488279112.7679
6 11 190224334446.787
9 11 21126530677511.93
11 11 -46315911195862.41
16 11 29830977.47564032
17 11 0.4397468786529385
18 11 24999122136650.16
19 11 4216275.60921029
7 12 13133505428669.83
12 12 -13133505428669.83
8 13 20074686642598.82
13 13 -20501352016575.26
20 13 426665373976.4393
9 14 28976695333018.47
14 14 -65095372371157.55
21 14 1292146849517.856
22 14 14032648.01064791
23 14 20021589977304.43
24 14 14804926178668.78
10 15 36409104014742.41
15 15 -36866446226545.87
25 15 457342211803.4574
11 16 1148684856.481491
16 16 -1151208865.431874
26 16 2524008.950383225
11 17 74235.99888694043
17 17 -74235.99888694043
11 18 14045413147538.81
18 18 -14045413147538.81
11 19 976256323581.0291
19 19 -976542626677.3556
27 19 286303096.3264894
13 20 7191082103370.831
20 20 -19015338193690.5
28 20 11824256090319.67
14 21 55812993965.3083
21 21 -55812993965.3083
14 22 227266595.4759005
22 22 -12803937642388.52
29 22 12803710375793.05
14 23 18995064425308
23 23 -50745608012489.95
25 23 28470740360591.73
30 23 3279803226590.218
14 24 14386682160078.84
24 24 -15455506057541.81
31 24 1068823897462.97
15 25 3460970138572.826
23 25 23851694647227.96
25 25 -27312664785800.78
16 26 7610634787970.738
26 26 -7614019383185.677
32 26 3384595214.938015
19 27 127467765177.7285
27 27 -127469512307.2204
33 27 1747129.49191641
20 28 2218630471384.449
28 28 -2218630471384.449
22 29 5825741367971.262
29 29 -5903951869083.255
34 29 78210501111.99355
23 30 302113936651.068
30 30 -302113936651.068
24 31 12006403708045.25
31 31 -12006403708045.25
26 32 8992392727264.77
32 32 -9410255109412.998
35 32 417862382148.2289
27 33 1887586594.324324
33 33 -1459459843808.44
36 33 1457572257214.116
29 34 2803058594804.372
34 34 -2807915321242.354
37 34 4856726437.983107
32 35 14550431146157.89
35 35 -14552571727467.97
38 35 2140581310.081187
33 36 2974499714277.689
36 36 -9735415455391.488
39 36 6760915741113.799
34 37 7646323104391.321
37 37 -7891540871538.138
40 37 6124391464.34472
41 37 239093375682.4716
35 38 31993425622.39249
38 38 -84920497504.04295
42 38 52927071881.65047
36 39 5828284458397.025
39 39 -5992583820919.334
42 39 1219738843.921378
43 39 148326521801.2691
44 39 14753101877.11795
37 40 13740033750.00397
40 40 -13740033750.00397
37 41 31809598441595.73
41 41 -31810929162304.74
45 41 1330720709.012787
38 42 286949865173.5956
39 42 5418617636826.075
42 42 -5705567501999.671
39 43 514000326943.8361
43 43 -22330480606465.29
46 43 9848433027115.402
47 43 11968047252406.05
39 44 1507277439334.742
44 44 -6723514961643.318
46 44 5216237522308.576
41 45 396850058949.2123
45 45 -2408743406413.155
48 45 2011893347463.942
43 46 6664045294684.263
44 46 119718947003.7558
46 46 -46305595483083.34
49 46 29032754003644.86
50 46 10489077237750.46
43 47 23940110289949.52
47 47 -23940110289949.52
45 48 654974875884.2812
48 48 -4174728426478.752
51 48 3519753550594.471
46 49 83267193745871.91
49 49 -85200613550445.77
52 49 688417835147.5135
53 49 1245001969426.351
46 50 11354074867800.17
50 50 -11354074867800.17
48 51 70632239640.26823
51 51 -70632239640.26823
49 52 20742440914714.01
52 52 -66560051271940.73
54 52 12564958736991.58
55 52 33252651620235.14
49 53 13224891724.90191
53 53 -13224891724.90191
52 54 92815176826476.02
54 54 -93951923225213.77
56 54 1014050801518.126
57 54 122695597219.6211
52 55 444301406954.7764
55 55 -1489506910869.859
58 55 1045205503915.082
54 56 5423786882889.067
56 56 -5423786882889.067
54 57 10114078557610.47
57 57 -14063824026145.82
59 57 3949745468535.352
55 58 27367989989854.45
58 58 -30813239737392.89
60 58 3445249747538.444
57 59 5605710685653.33
59 59 -5821751033410.027
61 59 216040347756.6972
58 60 490417078685.4108
60 60 -490428573201.1885
62 60 11494515.77765947
59 61 7655670488.114282
61 61 -4063400062035.031
63 61 4055744391546.917
60 62 40015075048.1953
62 62 -49316637587.86377
64 62 9301562539.668461
61 63 24043307019.16856
63 63 -775548844689.6876
65 63 751505537670.519
62 64 912825778.5637956
64 64 -2039568529485.713
66 64 2038655703707.149
63 65 1981174475297.17
65 65 -3759956569804.403
67 65 1778782094507.233
64 66 31776871477.48294
66 66 -1145743323366.936
68 66 1113966451889.453
65 67 4715920324390.753
67 67 -38603429767401.54
69 67 33887509443010.79
66 68 1840100227665.932
68 68 -4881637676575.168
70 68 3041537448909.236
67 69 948836565250.5028
69 69 -2822733575940.369
71 69 1873897010689.866
68 70 1615214319054.868
70 70 -8916533637292.646
72 70 6902685126297.376
73 70 398634191940.4025
69 71 5114104101379.182
71 71 -7900811685662.455
74 71 2786707584283.273
70 72 10479641206686.43
72 72 -13430690864579.99
75 72 1054089559409.059
76 72 127790084207.0597
77 72 1769170014277.439
70 73 160411807637.1479
73 73 -6492053205532.888
78 73 1141473108149.464
79 73 5190168289746.276
71 74 561309010846.7255
74 74 -1333940521359.441
80 74 772631510512.7156
72 75 3166187230650.238
75 75 -3166187230650.238
72 76 82208155479.43091
76 76 -82208155479.43091
72 77 866715519938.095
77 77 -2816930922454.883
81 77 1832556976649.624
82 77 117658425867.1644
73 78 40383625232100.84
78 78 -40402265609114.77
83 78 18640377013.93657
73 79 3556160298719.554
79 79 -3556160298719.554
74 80 2642518819967.918
80 80 -7320322694470.479
84 80 4677803874502.561
77 81 1525384460446.087
81 81 -2588011332929.849
85 81 282746290177.8615
86 81 779880582305.9006
77 82 81857046967.87799
82 82 -83296663106.3999
87 82 1439616138.521914
78 83 2789649303919.349
83 83 -43492366321330.06
88 83 15723696122386.6
89 83 24979020895024.11
80 84 4013597560441.754
84 84 -4104482326702.01
90 84 90884766260.25603
81 85 6261630706653.977
85 85 -70402249801050.06
91 85 57013583688038.16
92 85 7127035406357.932
81 86 11070775978568.55
86 86 -11070775978568.55
82 87 26072437441893.14
87 87 -26072437441893.14
83 88 5726684863947.39
88 88 -31960971632960.2
93 88 26234286769012.81
83 89 197965578005.6443
89 89 -197965578005.6443
84 90 24042717231452.77
90 90 -24046633998518.59
94 90 3916767065.822665
85 91 4970970009.267387
91 91 -4970970009.267387
85 92 3149319611444.767
92 92 -3682745607786.279
95 92 533425996341.5121
88 93 864841733379.0297
93 93 -2703860250658.812
96 93 1839018517279.783
90 94 2718270172030.556
94 94 -4987437317806.482
97 94 2269167145775.926
92 95 7679033653072.878
95 95 -7820443029609.674
98 95 141409376536.7964
93 96 873003345913.2177
96 96 -6228344907852.48
99 96 5355341561939.263
94 97 666783991303.4537
97 97 -5812610636196.097
100 97 5145826644892.643
95 98 9469645739492.732
98 98 -9469645739492.732
96 99 643898237619.1984
99 99 -1576248126738.099
101 99 932349889118.9004
97 100 1018306822170.219
100 100 -1018306822170.219
99 101 9538099508993.09
101 101 -9541811078547.209
102 101 3711569554.118602
101 102 4373968144.54969
102 102 -1470990373104.394
103 102 1308060962035.621
104 102 158555442924.2227
102 103 44551122017797.45
103 103 -44551122017797.45
102 104 200440565482.7615
104 104 -658058010138.2666
105 104 457617444655.5051
104 105 2663536257378.815
105 105 -2787119123690.24
106 105 123582866311.4241
105 106 124561500116.1498
106 106 -143607004507.3775
107 106 19045504391.22771
106 107 1567821328919.704
107 107 -6416265104348.149
108 107 4848443775428.445
107 108 5614029941232.238
108 108 -5780684690236.261
109 108 166654749004.0225
108 109 298853384600.2361
109 109 -9924901596943.924
110 109 9626048212343.688
109 110 396041001097.3915
110 110 -76155581366092.69
111 110 2682269106187.635
112 110 73077271258807.66
110 111 6337195590611.193
111 111 -6337195590611.193
110 112 4556118041330.331
112 112 -7464293076563.987
113 112 2870312453354.409
114 112 37862581879.24755
112 113 49149243933678.96
113 113 -61626149703303
115 113 12150422657957.39
116 113 326483111666.6456
112 114 8974296085.540312
114 114 -1949734874411.78
117 114 4721120644.441682
118 114 1936039457681.798
113 115 677725147845.4889
115 115 -17693340771269.77
119 115 11209084869834.42
120 115 5806530753589.863
113 116 9238893731.416172
116 116 -1895101317432.085
121 116 1885862423700.669
114 117 26203638585.52601
117 117 -3113769516061.129
122 117 3087565877475.603
114 118 1082262075616.641
118 118 -1082262075616.641
115 119 28615657615.28665
119 119 -751460957237.0474
123 119 722845299621.7607
115 120 2950091774955.221
120 120 -4341561106303.536
124 120 1173269207424.968
125 120 218200123923.3468
116 121 992865474055.1556
121 121 -992865474055.1556
117 122 4049013517316.702
122 122 -16351429826862.07
126 122 12302416309545.37
119 123 834259692588.2694
123 123 -842689597404.1804
127 123 8429904815.910979
120 124 20266825607.25099
124 124 -20266825607.25099
120 125 12478990888.0763
125 125 -12478990888.0763
122 126 2937005850.215209
126 126 -38277145505907.47
128 126 37895700667926.82
129 126 378507832130.4301
123 127 4866272656.955016
127 127 -2359412148345.251
130 127 2354545875688.296
126 128 1511165425615.898
128 128 -9982333046127.479
131 128 6501428926201.724
132 128 1082666009784.888
133 128 887072684524.9675
126 129 939671529854.6815
129 129 -939671529854.6815
127 130 3565075845326.368
130 130 -3576140171631.111
134 130 11064326304.74356
128 131 25578847018509.13
131 131 -26038005436787.68
135 131 459158418278.5497
128 132 17678687778.23949
132 132 -65375262277.08362
136 132 47696574498.84409
128 133 1471282509709.134
133 133 -7552909751011.108
137 133 3908114094176.01
138 133 2173513147125.965
130 134 20700990493.40857
134 134 -35920924173334.49
139 134 35900223182841.09
131 135 360247112297.5806
135 135 -25953576114916.94
140 135 25593329002619.36
132 136 396134329049.6713
136 136 -902713449416.4509
141 136 506579120366.7795
133 137 3024163708225.884
137 137 -4128977154772.591
142 137 1104813446546.707
133 138 2107756545595.292
138 138 -10520651333495.32
143 138 3428753132.228405
144 138 8409466034767.795
134 139 639348609825.1769
139 139 -639348609825.1769
135 140 5990501284483.571
140 140 -8760381782026.689
145 140 1657643024319.785
146 140 9087040504.640261
147 140 68681960993.9869
148 140 1030225054863.931
149 140 4243416860.774286
136 141 374880253123.1777
141 141 -6190925459839.994
150 141 5816045206716.816
137 142 18477899227.83941
142 142 -3025393888937.947
151 142 3006915989710.108
138 143 41503658988026.74
143 143 -41503658988026.74
138 144 724108372296.9911
144 144 -724108372296.9911
140 145 45461672750098.03
145 145 -45461672750098.03
140 146 34446046841011.4
146 146 -34446046841011.4
140 147 211556471239.5302
147 147 -211556471239.5302
140 148 16906350511.65851
148 148 -5896502217943.861
152 148 3691947734.209467
153 148 5875903919697.993
140 149 5216968809244.513
149 149 -5216968809244.513
141 150 25323778731500.71
150 150 -25323778731500.71
142 151 3876373936475.934
151 151 -5506151894819.826
154 151 1629777958343.893
148 152 14508113154409.17
152 152 -14508113154409.17
148 153 25502869153645.25
153 153 -25502869153645.25
151 154 2202631531059.304
154 154 -8414985735568.986
155 154 1558557113693.959
156 154 4653797090815.724
154 155 672949944443.5122
155 155 -3955730975837.951
157 155 29830087106.20488
158 155 3252950944288.234
154 156 845818883144.8647
156 156 -845833858653.8895
159 156 6948468.793806365
160 156 8027040.230942858
155 157 425712940879.3222
157 157 -425712940879.3222
155 158 1994186471723.13
158 158 -3295582416960.507
161 158 1301395945237.376
156 159 42678.58659242286
159 159 -7680968.772700098
162 159 7638290.186107676
156 160 36504215.41171609
160 160 -4865295968216.568
163 160 2602797341631.573
164 160 2262462122369.583
158 161 1639109528551.472
161 161 -1660175901496.229
165 161 21066372944.75734
159 162 987558675.8816985
162 162 -321035753085.7525
166 162 320048194409.8708
160 163 1067612386623.388
163 163 -1152848111402.967
167 163 85235724779.57864
160 164 86918426062.77525
164 164 -10968941639973.91
168 164 640287961352.3938
169 164 3271141809073.091
170 164 6970593443485.653
161 165 165104463833.0254
165 165 -4046050793320.815
171 165 3880946329487.79
162 166 28201854729967.75
166 166 -28201854729967.75
163 167 21599415409488.73
167 167 -21600094945688.11
172 167 679536199.3773904
164 168 122953757647.8251
168 168 -233124760926.3326
173 168 110171003278.5075
164 169 8078599005007.15
169 169 -8078599005007.15
164 170 4858438328496.196
170 170 -8162952302210.41
174 170 3304513973714.213
165 171 3265227390255.977
171 171 -4897000373435.517
175 171 37712069052.59151
176 171 1594060914126.948
167 172 4590272816.464898
172 172 -25777168370805.42
177 172 25772578097988.95
168 173 1097195245949.06
173 173 -2185646017995.505
178 173 51071425.42736784
179 173 1088399700621.018
170 174 3614690905829.264
174 174 -4317145308421.357
180 174 284441174677.7759
181 174 418013227914.3179
171 175 2744242630.431156
175 175 -2744242630.431156
171 176 1737307487333.605
176 176 -3764791523515.207
182 176 2027484036181.601
172 177 143854282515.6401
177 177 -143854282515.6401
173 178 49037296.87773693
178 178 -49037296.87773693
173 179 110763612795.869
179 179 -242519480914.5895
183 179 131749239826.5186
184 179 6628292.201966119
174 180 60805830138756.52
180 180 -60806099818161.88
185 180 269679405.3663048
174 181 21254523184528.04
181 181 -21254736278963.03
186 181 213094434.9906389
176 182 3802098732972.9
182 182 -3804059084285.877
187 182 1960351312.977472
179 183 56213256425.94761
183 183 -793111808969.7948
188 183 485905201665.4915
189 183 250993350878.3557
179 184 309378190.2948072
184 184 -309378190.2948072
180 185 878095718.971011
185 185 -1241979503971.58
190 185 1241101408252.609
181 186 156554246.3690605
186 186 -4927637475336.643
191 186 584027848311.9829
192 186 1510579311950.363
193 186 2832873760827.928
182 187 16298360320533.88
187 187 -16309027026076.89
194 187 10666705543.00407
183 188 32325583635895.14
188 188 -32384544273014.08
195 188 52769705834.75008
196 188 6190931284.190274
183 189 46868920443.48467
189 189 -46868920443.48467
185 190 1271847747497.24
190 190 -1271847747497.24
186 191 27970747999910.45
191 191 -49746939612130.66
197 191 3700948642277.229
198 191 9964954306524.791
199 191 3766644748042.64
200 191 2144842404128.567
201 191 2198801511246.982
186 192 7698410231075.908
192 192 -10334839310584.74
202 192 2636429079508.836
186 193 197149557317.3594
193 193 -419966690422.7314
201 193 222817133105.372
187 194 10278863341.25009
194 194 -4572224461359.064
203 194 4561945598017.814
188 195 282210728308.1828
195 195 -692902508069.4702
204 195 410691779761.2874
188 196 29152287160.02664
196 196 -29152287160.02664
191 197 1064682404890.083
197 197 -45120900705333.11
202 197 43634222016783.54
205 197 18355748552.13541
206 197 403640535107.3528
191 198 1048532088608.158
198 198 -1048532088608.158
191 199 12106347633754.01
199 199 -40175183920025.17
206 199 662696889346.2715
207 199 18235957154.98581
208 199 27387903439769.91
191 200 1592116865.379802
200 200 -1592116865.379802
191 201 402013090723.1547
193 201 28035266604592.45
201 201 -28798522288775.63
209 201 11742245.01479807
210 201 361230851215.0085
192 202 2404746838702.003
197 202 14721785339167.95
202 202 -20296179556556.29
211 202 17542311219.87864
212 202 46588795554.99397
213 202 30925738385.72361
214 202 3074590533525.744
194 203 3507842417090.663
203 203 -3701235132450.507
215 203 193392715359.8438
195 204 579137057879.3829
204 204 -33098527715463.52
216 204 32519390657584.14
197 205 1032475077037.438
205 205 -18209317686320.09
211 205 17176842609282.65
197 206 6667778806114.199
199 206 979828082758.7784
206 206 -9438143280389.277
217 206 17946288245.91103
218 206 20811234812.38157
219 206 1751778868458.007
199 207 1026202672571.753
207 207 -13227641625279.16
220 207 12201438952707.41
199 208 1982352913065.525
208 208 -3731057266277.23
221 208 1748704353211.706
201 209 16249.26839546829
209 209 -34333080817030.66
222 209 2913341974.488019
223 209 34330167458806.9
201 210 25708180928.7177
210 210 -25708180928.7177
202 211 1017892130292.659
205 211 5978387318883.353
211 211 -9439440112381.727
224 211 66549789130.10002
225 211 4159410512.771688
226 211 2372451463562.844
202 212 398884575401.1398
212 212 -3521568585379.146
227 212 3122684009978.006
202 213 429087932730.1688
213 213 -429087932730.1688
202 214 24874444252757.8
214 214 -26272573181492.46
228 214 1398128928734.659
203 215 23082006742.01656
215 215 -3400895835995.111
229 215 3377813829253.094
204 216 481072338602.6466
216 216 -1757145972400.995
230 216 11695983966.66783
231 216 1264377649831.68
206 217 1030362185924.832
217 217 -1097878723710.978
232 217 67516537786.14545
206 218 164325413676.4441
218 218 -164325413676.4441
206 219 1308853907526.985
219 219 -1308853907526.985
207 220 3820395951991.566
220 220 -3820395951991.566
208 221 1245458262610.686
221 221 -1293485070299.094
233 221 48026807688.408
209 222 143710337123.7453
222 222 -143710337123.7453
209 223 389481852549.5196
223 223 -3131900249524.536
234 223 2555948416979.58
235 223 185249770558.4294
236 223 1220209437.007403
211 224 214230600267.6724
224 224 -214230600267.6724
211 225 5310390018839.964
225 225 -5310390018839.964
211 226 2530952934240.293
226 226 -2530952934240.293
212 227 24811987129730.55
227 227 -24811987129730.55
214 228 767148862328.1385
228 228 -28224126267629.49
237 228 27456977405301.35
215 229 5059457683477.366
229 229 -9525548277940.047
238 229 4466090594462.681
216 230 8738175695.90411
230 230 -8738175695.90411
216 231 1089870852828.782
231 231 -6855604782713.973
239 231 479112526691.7697
240 231 5286621403193.421
217 232 217411989683.9081
232 232 -217411989683.9081
221 233 6057270147940.726
233 233 -6057270147940.726
223 234 15922883138.20928
234 234 -15922883138.20929
223 235 444212076082.2733
235 235 -2172168171204.251
241 235 567954609408.2534
242 235 1160001485713.724
223 236 76745674792.46631
236 236 -98702648158.43056
243 236 21956973365.96425
228 237 6081279298751.487
237 237 -6120466595007.965
244 237 18493986385.98806
245 237 20693309870.48899
229 238 3435980460742.774
238 238 -3435980460742.774
231 239 32559323990703.98
239 239 -39377741371002.7
246 239 731816657454.9307
247 239 23975550762.66115
248 239 6062625172081.138
231 240 30720695888569.01
240 240 -30800376356897.92
249 240 79680468328.91449
235 241 2040713368208.289
241 241 -2040713368208.289
235 242 28678388762.61748
242 242 -28678388762.61748
236 243 35644008473.44947
243 243 -35644008473.44947
237 244 1047796102936.613
244 244 -6824647358553.75
250 244 5744374296351.267
251 244 11612722443.58916
252 244 20864236822.28144
237 245 163759397263.3319
245 245 -163759397263.3319
239 246 920460711431.6923
246 246 -34084719396575.6
253 246 33164258685143.91
239 247 38172347365.73838
247 247 -6662251964372.616
254 247 6515722344730.392
255 247 108357272276.4863
239 248 22125475205013.99
248 248 -22313375783251.63
256 248 187900578237.6396
240 249 10879519330571.51
249 249 -10879519330571.51
244 250 25839896637021.82
250 250 -26101558546215.05
257 250 247809801341.109
258 250 13852107852.12115
244 251 75329533835.15215
251 251 -75329533835.15216
244 252 372498410994.2701
252 252 -6006050615277.556
259 252 5625959310888.621
260 252 7592893394.663891
246 253 513769339673.5251
253 253 -1070644713367.052
261 253 6468801816.027985
262 253 550406571877.4989
247 254 869599569371349
254 254 -869599569371349
247 255 1137366337495.157
255 255 -1137366337495.157
248 256 44149914111.35743
256 256 -51101167223.12792
263 256 6951253111.770495
250 257 80605765386737.84
257 257 -80605765386737.84
250 258 668617247100.0833
258 258 -953441365048.7336
264 258 284824117948.6504
252 259 25457481698421.42
259 259 -25710079851316.89
265 259 252598152895.4705
252 260 35824962000.00206
260 260 -35824962000.00206
253 261 83594740652910.81
261 261 -83594740652910.81
253 262 43428423560.15582
262 262 -43428423560.15582
256 263 2769434404344.047
263 263 -3027202365037.163
266 263 257767960693.1164
258 264 394290454925.3603
264 264 -394290454925.3603
259 265 83548735095076.48
265 265 -83548735095076.48
263 266 409972044461.4362
266 266 -412516991455.0682
267 266 2544946993.632072
266 267 4442333666.620883
267 267 -29756179069106.57
268 267 29751736735439.95
267 268 6646008719680.549
268 268 -7132215819560.512
269 268 486207099879.9628
268 269 42775683166.07965
269 269 -94571892168775.7
270 269 100641879818.0253
271 269 94428474605791.59
269 270 254814694452.9137
270 270 -254814694452.9137
269 271 155570257826.9575
271 271 -1223981243675.893
272 271 1068410985848.935
271 272 866328480276.4314
272 272 -2148585630778.152
273 272 1282257150501.72
272 273 18009242160.49696
273 273 -66438319256.2193
274 273 8807746.502619358
275 273 48420269349.21975
273 274 38231071.34309405
274 274 -38231071.34309405
273 275 13397846606044.5
275 275 -13397846606044.5


