       1
       2
       9
      11
      18
      28
      29
      30
      31
      32
      44
      45
      47
      50
     514
     515
     537
     538
     539
     540
     541
     542
     543
     544
     592
     595
     780
     785
     786
     788
     792
     799
     806
     997
    1000
    1002
    1003
    1006
    1007
    1008
    1327
    1373
    1374
    1428
    1804
    1805
    1986
    1993
    1994
    1995
    2049
    2050
    2056
    2058
    2059
    2065
    2066
    2067
    2068
    2069
    2453
    2454
    2516
    2517
    2522
    2536
    2846
    2847
    2851
    2864
    2865
    2874
    2890
    2891
    2893
    3324
    3335
    3337
    3338
    3346
    3347
    3600
    3975
    3976
    3977
    3979
    3984
    3985
    3990
    3998
    4003
    4004
    4487
    4488
    4587
    4599
    4608
    5030
    5031
    5038
    5039
    5381
    5528
    5545
    5550
    5551
    5552
    5555
    5556
    5612
    5969
    6324
    6544
    6554
    6555
    6557
    6558
    6559
    6563
    6565
    6566
    6567
    6568
    6569
    6599
    6605
    6738
    6861
    6862
    6886
    6887
    6888
    6890
    6895
    6896
    6906
    6907
    6908
    6926
    6927
    6936
    6948
    6981
    6997
    7022
    8581
    8673
    8705
    8706
    8738
    8742
    9029
    9056
    9099
    9104
    9171
    9172
    9263
    9279
    9629
    9630
    9632
    9666
    9704
    9705
    9706
    9727
    9754
    9755
    9786
    9791
    9823
    9824
    9825
    9826
    9828
    9835
    9840
    9841
    9842
    9843
    9846
    9856
    9857
    9866
    9867
    9874
    9888
    9889
    9891
    9896
    9897
    9898
    9899
    9900
    9907
    9911
    9913
    9914
    9915
    9916
    9918
    9919
    9927
    9946
    9947
    9951
    9952
   10002
   10058
   10060
   10061
   10070
   10072
   10073
   10074
   10076
   10095
   10115
   10128
   10129
   10130
   10131
   10138
   10155
   10158
   10159
   10160
   10161
   10162
   10168
   10169
   10170
   10172
   10174
   10175
   10176
   10177
   10178
   10179
   10182
   10183
   10184
   10185
   10186
   10187
   10188
   10189
   10190
   10235
   10239
   10305
   10306
   10311
   10400
   10402
   10403
   10463
   10464
   10465
   10466
   10469
   10470
   10502
   10503
   10548
   10564
   10585
   10612
   10620
   10621
   10636
   10637
   10643
   10655
   10656
   10662
   10663
   10665
   10668
   10669
   10670
   10718
   10719
   10725
   10726
   10732
   10733
   10738
   10739
   10756
   10757
   10758
   10759
   10760
   10761
   10926
   10931
   10958
   10959
   11028
   11037
   11038
   11039
   11040
   11042
   11052
   11053
   11054
   11061
   11063
   11151
   11158
   11201
   11202
   11205
   11206
   11273
   11274
   11275
   11276
   11278
   11279
   11280
   11281
   11282
   11284
   11286
   11288
   11289
   11290
   11291
   11292
   11295
   11296
   11297
   11303
   11307
   11308
   11309
   11314
   11317
   11318
   11331
   11335
   11336
   11345
   11348
   11364
   11368
   11373
   11377
   11380
   11381
   11382
   11387
   11391
   11392
   11393
   11402
   11403
   11404
   11406
   11421
   11427
   11428
   11432
   11433
   11434
   11435
   11445
   11452
   11453
   11458
   11459
   11460
   11461
   11467
   11468
   11469
   11470
   11471
   11472
   11473
   11474
   11475
   11477
   11481
   11491
   11493
   11494
   11498
   11499
   11511
   11520
   11521
   11522
   11524
   11526
   11527
   11530
   11533
   11534
   11536
   11539
   11561
   11568
   11569
   11570
   11571
   11579
   11580
   11597
   11599
   11602
   11605
   11606
   11607
   11611
   11644
   11647
   11648
   11653
   11656
   11673
   11674
   11686
   11710
   11712
   11714
   11715
   11716
   11727
   11734
   11737
   11740
   11741
   11744
   11748
   11749
   11750
   11752
   11759
   11760
   11761
   11764
   11766
   11779
   11786
   11787
   11799
   11800
   11803
   11807
   11816
   11817
   11818
   11819
   11820
   11821
   11825
   11830
   11831
   11832
   11833
   11835
   11836
   11837
   11838
   11844
   11863
   11864
   11865
   11866
   11869
   11876
   11877
   11878
   11886
   11887
   11888
   11889
   11894
   11903
   11908
   11909
   11910
   11912
   11915
   11916
   11921
   11925
   11930
   11931
   11932
   11935
   11936
   11939
   11940
   11941
   11942
   11944
   11947
   11950
   11951
   11953
   11957
   11958
   11961
   11963
   11965
   11966
   11967
   11976
   11978
   11981
   11982
   11985
   11988
   11989
   11990
   11991
   11992
   11994
   11995
   11996
   11997
   11998
   12005
   12006
   12011
   12017
   12018
   12020
   12021
   12022
   12025
   12026
   12027
   12036
   12039
   12049
   12053
   12058
   12059
   12060
   12062
   12063
   12064
   12065
   12066
   12067
   12068
   12070
   12086
   12090
   12093
   12096
   12097
   12105
   12106
   12110
   12114
   12115
   12121
   12125
   12126
   12127
   12130
   12131
   12132
   12136
   12137
   12138
   12141
   12142
   12145
   12147
   12148
   12151
   12152
   12159
   12164
   12170
   12172
   12174
   12185
   12190
   12191
   12192
   12193
   12197
   12204
   12209
   12212
   12213
   12214
   12215
   12216
   12219
   12227
   12228
   12237
   12240
   12241
   12272
   12275
   12276
   12279
   12280
   12285
   12292
   12295
   12296
   12301
   12304
   12306
   12308
   12330
   12342
   12343
   12353
   12356
   12373
   12374
   12375
   12393
   12394
   12396
   12397
   12398
   12400
   12410
   12422
   12423
   12427
   12428
   12431
   12437
   12449
   12451
   12452
   12457
   12458
   12459
   12460
   12461
   12471
   12485
   12490
   12497
   12498
   12499
   12513
   12520
   12521
   12524
   12531
   12532
   12549
   12551
   12562
   12570
   12571
   12572
   12582
   12583
   12603
   12621
   12627
   12628
   12629
   12630
   12640
   12641
   12642
   12643
   12644
   12647
   12651
   12655
   12669
   12670
   12671
   12681
   12682
   12683
   12684
   12689
   12692
   12693
   12694
   12695
   12696
   12697
   12698
   12699
   12700
   12702
   12706
   12707
   12715
   12720
   12721
   12733
   12745
   12746
   12747
   12748
   12749
   12753
   12754
   12761
   12765
   12766
   12767
   12771
   12772
   12773
   12774
   12775
   12776
   12777
   12780
   12784
   12801
   12807
   12810
   12817
   12818
   12821
   12822
   12823
   12827
   12828
   12849
   12860
   12861
   12877
   12880
   12883
   12884
   12885
   12888
   12891
   12893
   12894
   12898
   12901
   12904
   12907
   12909
   12930
   12935
   12961
   12967
   12968
   12973
   12976
   12977
   12978
   12982
   12990
   12991
   12992
   13002
   13004
   13005
   13008
   13009
   13013
   13014
   13017
   13018
   13019
   13033
   13035
   13036
   13050
   13051
   13058
   13059
   13064
   13067
   13068
   13069
   13075
   13076
   13079
   13091
   13092
   13106
   13107
   13118
   13120
   13126
   13142
   13143
   13149
   13153
   13154
   13155
   13156
   13157
   13162
   13163
   13166
   13167
   13170
   13173
   13176
   13180
   13181
   13187
   13188
   13190
   13208
   13215
   13231
   13232
   13236
   13237
   13238
   13239
   13241
   13249
   13250
   13251
   13253
   13257
   13259
   13260
   13261
   13268
   13282
   13286
   13294
   13295
   13298
   13306
   13308
   13309
   13310
   13312
   13316
   13332
   13335
   13336
   13338
   13357
   13358
   13359
   13360
   13361
   13362
   13363
   13364
   13375
   13378
   13379
   13382
   13383
   13384
   13401
   13402
   13412
   13416
   13418
   13421
   13422
   13424
   13425
   13431
   13436
   13437
   13439
   13442
   13452
   13453
   13454
   13455
   13462
   13482
   13483
   13484
   13485
   13486
   13487
   13488
   13489
   13490
   13491
   13502
   13503
   13504
   13505
   13508
   13509
   13515
   13533
   13534
   13546
   13548
   13551
   13562
   13563
   13566
   13567
   13568
   13569
   13570
   13571
   13572
   13574
   13575
   13576
   13585
   13586
   13591
   13598
   13599
   13607
   13608
   13609
   13612
   13613
   13616
   13617
   13618
   13620
   13623
   13626
   13629
   13632
   13633
   13634
   13640
   13641
   13644
   13651
   13660
   13661
   13662
   13669
   13676
   13679
   13680
   13681
   13690
   13699
   13700
   13701
   13704
   13705
   13709
   13715
   13739
   13740
   13741
   13742
   13743
   13745
   13758
   13759
   13762
   13763
   13764
   13765
   13766
   13769
   13780
   13781
   13787
   13790
   13791
   13792
   13793
   13794
   13795
   13796
   13800
   13801
   13802
   13805
   13806
   13807
   13808
   13809
   13810
   13811
   13814
   13817
   13821
   13823
   13824
   13825
   13826
   13827
   13828
   13829
   13835
   13842
   13843
   13849
   13850
   13855
   13883
   13888
   13889
   13890
   13895
   13896
   13899
   13900
   13901
   13902
   13904
   13918
   13919
   13920
   13923
   13926
   13935
   13937
   13942
   13943
   13951
   13952
   13953
   13954
   13959
   13960
   13962
   13963
   13964
   13967
   13968
   13970
   13971
   13972
   13973
   13974
   13975
   13976
   13978
   13979
   13980
   13982
   13983
   13984
   13986
   13987
   13988
   13994
   13995
   13996
   13997
   13998
   14015
   14016
   14021
   14022
   14027
   14028
   14029
   14030
   14033
   14038
   14039
   14058
   14059
   14060
   14061
   14062
   14063
   14064
   14065
   14066
   14067
   14071
   14078
   14079
   14080
   14086
   14090
   14102
   14103
   14104
   14107
   14108
   14109
   14112
   14113
   14115
   14116
   14123
   14126
   14136
   14140
   14141
   14147
   14154
   14155
   14165
   14166
   14167
   14168
   14169
   14172
   14173
   14192
   14193
   14194
   14195
   14196
   14200
   14202
   14204
   14205
   14206
   14209
   14212
   14216
   14223
   14224
   14225
   14226
   14227
   14230
   14231
   14235
   14242
   14249
   14319
   14320
   14322
   14323
   14324
   14331
   14332
   14333
   14334
   14336
   14337
   14338
   14340
   14341
   14343
   14348
   14349
   14350
   14351
   14352
   14355
   14359
   14360
   14361
   14362
   14363
   14366
   14367
   14369
   14373
   14374
   14375
   14376
   14377
   14378
   14379
   14380
   14382
   14384
   14385
   14387
   14388
   14391
   14393
   14394
   14402
   14410
   14411
   14412
   14418
   14422
   14423
   14424
   14427
   14428
   14429
   14430
   14438
   14441
   14442
   14447
   14453
   14460
   14468
   14469
   14471
   14472
   14473
   14474
   14475
   14478
   14484
   14485
   14491
   14492
   14499
   14500
   14501
   14508
   14509
   14510
   14516
   14517
   14520
   14522
   14523
   14524
   14527
   14528
   14538
   14539
   14543
   14547
   14550
   14551
   14552
   14553
   14558
   14559
   14568
   14569
   14574
   14575
   14576
   14579
   14580
   14585
   14588
   14589
   14595
   14596
   14599
   14607
   14608
   14611
   14613
   14615
   14631
   14632
   14633
   14634
   14635
   14648
   14649
   14652
   14653
   14656
   14659
   14663
   14667
   14668
   14669
   14670
   14677
   14678
   14681
   14684
   14685
   14686
   14687
   14688
   14689
   14692
   14695
   14696
   14697
   14698
   14699
   14703
   14704
   14709
   14712
   14714
   14715
   14716
   14718
   14719
   14722
   14723
   14729
   14732
   14736
   14738
   14739
   14740
   14741
   14743
   14745
   14746
   14747
   14763
   14766
   14767
   14768
   14782
   14785
   14786
   14787
   14788
   14789
   14793
   14798
   14799
   14800
   14802
   14805
   14808
   14809
   14811
   14812
   14813
   14814
   14815
   14816
   14820
   14823
   14824
   14836
   14840
   14841
   14842
   14847
   14848
   14849
   14850
   14851
   14852
   14853
   14857
   14858
   14859
   14860
   14861
   14864
   14865
   14872
   14873
   14874
   14876
   14877
   14878
   14879
   14891
   14895
   14896
   14898
   14899
   14900
   14901
   14904
   14907
   14908
   14909
   14914
   14915
   14916
   14917
   14918
   14919
   14920
   14922
   14923
   14929
   14931
   14939
   14941
   14942
   14943
   14945
   14950
   14970
   14971
   14972
   14978
   14979
   14984
   14985
   14986
   14987
   14989
   14990
   14991
   15002
   15005
   15006
   15012
   15013
   15014
   15024
   15032
   15033
   15036
   15038
   15039
   15046
   15055
   15056
   15057
   15059
   15067
   15068
   15069
   15072
   15079
   15080
   15081
   15082
   15087
   15088
   15105
   15111
   15112
   15113
   15117
   15118
   15120
   15121
   15123
   15124
   15125
   15130
   15131
   15136
   15143
   15146
   15153
   15157
   15159
   15171
   15173
   15174
   15175
   15176
   15177
   15180
   15181
   15183
   15208
   15228
   15229
   15239
   15247
   15248
   15250
   15256
   15257
   15258
   15261
   15263
   15264
   15265
   15293
   15328
   15346
   15347
   15349
   15358
   15360
   15366
   15367
   15370
   15403
   15405
   15407
   15408
   15409
   15410
   15426
   15448
   15449
   15466
   15573
   15574
   15575
   15576
   15577
   15578
   15579
   15599
   15600
   15601
   15607
   15608
   15610
   15612
   15613
   15614
   15615
   15616
   15617
   15631
   15689
   15690
   15706
   16011
   16089
   16090
   16091
   16177
   16209
   16266
   16410
   16425
   16426
   16427
   16429
   16435
   16436
   16439
   16440
   16441
   16444
   16445
   16446
   16447
   16695
   16696
   16697
   16702
   16703
   16706
   16707
   16768
   16769
   16771
   16772
   16854
   16855
   16860
   16861
   16862
   16863
   16864
   16865
   16866
   16869
   16870
   16871
   17175
   17176
   17177
   17346
   17451
   17711
   17714
   17725
   18008
   18009
   18010
   18011
   18012
   18024
   18027
   18028
   18031
   18034
   18035
   18041
   18042
   18043
   18046
   18051
   18054
   18055
   18057
   18058
   18059
   18065
   18070
   18071
   18199
   18200
   18232
   18331
   18797
   18798
   20142
   20143
   20144
   20145
   20146
   20147
   20148
   20149
   20150
   20151
   20152
   20153
   20154
   20155
   20156
   20157
   20158
   20159
   20160
   20161
   20162
   20163
   20164
   20165
   20166
   20167
   20168
   20169
   20170
   20173
   20174
   20177
   20178
   20179
   20180
   20181
   20182
   20183
   20184
   20185
   20186
   20187
   20188
   20189
   20190
   20191
   20192
   20193
   20194
   20196
   20199
   20200
   20201
   20204
   20205
   20206
   20208
   20211
   20212
   20213
   20214
   20215
   20217
   20218
   20219
   20220
   20221
   20222
   20223
   20228
   20233
   20234
   20235
   20238
   20239
   20240
   20241
   20244
   20245
   20246
   20247
   20248
   20251
   20252
   20255
   20256
   20257
   20258
   20259
   20260
   20261
   20262
   20263
   20264
   20265
   20266
   20267
   20268
   20269
   20270
   20271
   20272
   20276
   20277
   20278
   20279
   20283
   20284
   20285
   20286
   20287
   20288
   20289
   20290
   20291
   20292
   20293
   20294
   20295
   20296
   20298
   20299
   20300
   20301
   20302
   20303
   20304
   20305
   20306
   20307
   20308
   20309
   20310
   20311
   20312
   20313
   20316
   20317
   20318
   20319
   20320
   20326
   20330
   20331
   20332
   20335
   20336
   20337
   20338
   20339
   20342
   20343
   20344
   20345
   20346
   20347
   20348
   20349
   20350
   20351
   20352
   20353
   20354
   20358
   20359
   20360
   20361
   20365
   20373
   20374
   20375
   20376
   20377
   20378
   20379
   20380
   20381
   20382
   20385
   20386
   20387
   20388
   20389
   20390
   20391
   20392
   20393
   20394
   20395
   20396
   20397
   20398
   20399
   20400
   20401
   20402
   20403
   20405
   20408
   20409
   20410
   20411
   20412
   20413
   20414
   20415
   20416
   20420
   20421
   20422
   20423
   20424
   20425
   20426
   20427
   20428
   20429
   20430
   20435
   20436
   20437
   20438
   20440
   20441
   20442
   20443
   20453
   20454
   20455
   20456
   20457
   20458
   20459
   20462
   20463
   20464
   20465
   20468
   20469
   20470
   20473
   20474
   20475
   20478
   20479
   20480
   20481
   20484
   20486
   20487
   20490
   20491
   20492
   20496
   20498
   20499
   20500
   20501
   20504
   20506
   20507
   20508
   20509
   20510
   20511
   20512
   20513
   20514
   20515
   20516
   20517
   20518
   20519
   20520
   20521
   20522
   20527
   20528
   20529
   20530
   20531
   20532
   20533
   20534
   20535
   20536
   20537
   20538
   20539
   20540
   20541
   20544
   20545
   20546
   20547
   20548
   20551
   20552
   20553
   20554
   20555
   20556
   20558
   20559
   20560
   20561
   20566
   20567
   20568
   20572
   20573
   20574
   20575
   20576
   20577
   20578
   20579
   20580
   20581
   20582
   20583
   20584
   20585
   20587
   20588
   20591
   20607
   20608
   20611
   20612
   20615
   20616
   20617
   20618
   20619
   20620
   20621
   20622
   20623
   20624
   20625
   20626
   20627
   20628
   20629
   20630
   20631
   20632
   20633
   20636
   20637
   20639
   20641
   20645
   20647
   20649
   20650
   20651
   20654
   20655
   20656
   20657
   20658
   20659
   20660
   20661
   20662
   20663
   20664
   20667
   20668
   20673
   20678
   20682
   20683
   20686
   20687
   20688
   20689
   20691
   20693
   20694
   20695
   20696
   20697
   20698
   20699
   20700
   20701
   20706
   20707
   20712
   20713
   20714
   20715
   20716
   20717
   20718
   20719
   20720
   20721
   20722
   20723
   20724
   20725
   20726
   20727
   20728
   20731
   20732
   20735
   20737
   20738
   20739
   20740
   20741
   20742
   20743
   20746
   20747
   20748
   20755
   20761
   20762
   20763
   20767
   20777
   20778
   20781
   20784
   20800
   20801
   20802
   20803
   20804
   20805
   20809
   20810
   20812
   20813
   20814
   20815
   20816
   20817
   20818
   20819
   20822
   20823
   20824
   20825
   20831
   20838
   20839
   20840
   20841
   20842
   20844
   20853
   20854
   20855
   20856
   20857
   20860
   20861
   20864
   20865
   20866
   20867
   20868
   20870
   20871
   20872
   20873
   20874
   20880
   20881
   20882
   20891
   20892
   20893
   20894
   20895
   20896
   20897
   20898
   20899
   20900
   20901
   20903
   20907
   20908
   20909
   20911
   20912
   20913
   20918
   20919
   20920
   20921
   20922
   20925
   20926
   20929
   20930
   20931
   20932
   20933
   20934
   20937
   20939
   20940
   20941
   20942
   20943
   20944
   20948
   20949
   20950
   20951
   20952
   20953
   20954
   20955
   20958
   20959
   20960
   20961
   20962
   20963
   20964
   20965
   20966
   20967
   20968
   20969
   20970
   20971
   20972
   20975
   20978
   20979
   20980
   20981
   20982
   20983
   20984
   20985
   20986
   20987
   20988
   20996
   20997
   20998
   21002
   21003
   21004
   21005
   21006
   21007
   21008
   21009
   21010
   21011
   21012
   21013
   21014
   21015
   21016
   21017
   21018
   21019
   21020
   21021
   21022
   21025
   21026
   21027
   21029
   21030
   21031
   21033
   21038
   21039
   21042
   21043
   21044
   21045
   21049
   21052
   21053
   21054
   21059
   21060
   21061
   21062
   21063
   21065
   21066
   21067
   21068
   21069
   21070
   21071
   21072
   21074
   21077
   21078
   21079
   21080
   21081
   21082
   21083
   21086
   21088
   21089
   21091
   21092
   21095
   21109
   21110
   21113
   21114
   21115
   21116
   21117
   21120
   21123
   21126
   21129
   21130
   21133
   21134
   21135
   21137
   21138
   21139
   21140
   21141
   21142
   21143
   21146
   21147
   21148
   21149
   21150
   21151
   21152
   21153
   21154
   21157
   21158
   21159
   21160
   21161
   21162
   21168
   21169
   21170
   21171
   21172
   21173
   21174
   21175
   21176
   21177
   21178
   21181
   21182
   21183
   21184
   21185
   21186
   21187
   21188
   21189
   21192
   21193
   21198
   21199
   21201
   21202
   21204
   21205
   21208
   21209
   21211
   21212
   21215
   21216
   21218
   21219
   21221
   21222
   21223
   21224
   21225
   21226
   21227
   21228
   21233
   21236
   21237
   21238
   21239
   21240
   21241
   21242
   21243
   21244
   21245
   21246
   21247
   21248
   21255
   21264
   21265
   21268
   21273
   21274
   21275
   21276
   21278
   21279
   21280
   21285
   21294
   21295
   21296
   21298
   21301
   21304
   21305
   21306
   21309
   21310
   21311
   21312
   21314
   21315
   21316
   21318
   21325
   21332
   21334
   21335
   21336
   21337
   21338
   21339
   21340
   21341
   21342
   21343
   21344
   21346
   21347
   21348
   21349
   21355
   21356
   21368
   21370
   21371
   21373
   21374
   21375
   21376
   21377
   21378
   21379
   21380
   21381
   21382
   21383
   21384
   21385
   21386
   21387
   21388
   21389
   21390
   21391
   21392
   21393
   21395
   21396
   21401
   21404
   21405
   21408
   21409
   21410
   21414
   21416
   21417
   21418
   21419
   21421
   21422
   21423
   21424
   21427
   21428
   21429
   21430
   21431
   21432
   21433
   21434
   21435
   21436
   21437
   21444
   21445
   21446
   21447
   21448
   21449
   21450
   21451
   21452
   21455
   21458
   21459
   21460
   21463
   21465
   21466
   21467
   21468
   21469
   21470
   21473
   21474
   21475
   21476
   21477
   21478
   21479
   21480
   21481
   21482
   21489
   21492
   21493
   21494
   21495
   21496
   21497
   21498
   21499
   21500
   21503
   21504
   21507
   21508
   21513
   21514
   21515
   21516
   21517
   21518
   21519
   21520
   21521
   21525
   21526
   21527
   21528
   21529
   21530
   21532
   21536
   21538
   21539
   21540
   21541
   21544
   21546
   21547
   21548
   21549
   21550
   21551
   21552
   21553
   21554
   21557
   21558
   21559
   21560
   21561
   21562
   21563
   21567
   21571
   21574
   21575
   21576
   21577
   21580
   21583
   21584
   21585
   21586
   21587
   21588
   21589
   21590
   21591
   21592
   21594
   21595
   21601
   21603
   21604
   21605
   21606
   21607
   21608
   21609
   21610
   21612
   21613
   21614
   21615
   21616
   21619
   21620
   21621
   21622
   21623
   21624
   21625
   21626
   21628
   21629
   21630
   21631
   21632
   21633
   21634
   21638
   21639
   21648
   21652
   21654
   21655
   21656
   21657
   21660
   21661
   21662
   21663
   21667
   21671
   21672
   21677
   21678
   21679
   21680
   21681
   21682
   21683
   21684
   21685
   21686
   21687
   21688
   21689
   21690
   21691
   21696
   21697
   21698
   21703
   21711
   21713
   21714
   21715
   21716
   21717
   21718
   21719
   21720
   21722
   21723
   21725
   21726
   21732
   21736
   21737
   21738
   21739
   21740
   21743
   21744
   21745
   21746
   21747
   21749
   21752
   21753
   21754
   21755
   21758
   21759
   21761
   21762
   21763
   21768
   21769
   21772
   21775
   21776
   21777
   21778
   21779
   21782
   21783
   21784
   21785
   21786
   21787
   21788
   21795
   21797
   21798
   21799
   21800
   21801
   21802
   21808
   21813
   21814
   21815
   21818
   21821
   21822
   21823
   21827
   21828
   21829
   21831
   21832
   21837
   21838
   21839
   21840
   21841
   21842
   21844
   21845
   21846
   21847
   21848
   21849
   21852
   21853
   21854
   21857
   21858
   21859
   21863
   21866
   21875
   21878
   21882
   21883
   21884
   21885
   21886
   21887
   21889
   21893
   21894
   21897
   21900
   21901
   21902
   21905
   21906
   21907
   21908
   21909
   21915
   21916
   21927
   21928
   21929
   21930
   21931
   21932
   21935
   21936
   21937
   21939
   21940
   21941
   21946
   21949
   21953
   21954
   21955
   21956
   21962
   21963
   21964
   21965
   21966
   21967
   21970
   21971
   21979
   21984
   21985
   21986
   21996
   21998
   21999
   22000
   22001
   22004
   22016
   22020
   22021
   22024
   22025
   22026
   22027
   22030
   22037
   22042
   22043
   22046
   22049
   22050
   22051
   22053
   22054
   22057
   22058
   22059
   22061
   22064
   22065
   22066
   22067
   22074
   22079
   22080
   22081
   22082
   22087
   22088
   22089
   22091
   22092
   22094
   22096
   22097
   22098
   22102
   22107
   22112
   22114
   22115
   22116
   22119
   22120
   22122
   22127
   22131
   22132
   22140
   22141
   22142
   22143
   22144
   22147
   22152
   22154
   22155
   22158
   22159
   22160
   22163
   22165
   22166
   22167
   22168
   22169
   22170
   22171
   22173
   22174
   22175
   22176
   22177
   22178
   22182
   22183
   22198
   22201
   22202
   22203
   22204
   22205
   22206
   22207
   22212
   22214
   22220
   22231
   22232
   22239
   22254
   22255
   22256
   22257
   22258
   22259
   22260
   22261
   22262
   22271
   22276
   22279
   22280
   22285
   22286
   22287
   22290
   22292
   22297
   22299
   22300
   22303
   22304
   22308
   22309
   22310
   22315
   22316
   22319
   22321
   22322
   22323
   22324
   22325
   22326
   22327
   22328
   22329
   22330
   22335
   22336
   22337
   22338
   22344
