 2.76653756e-01
 3.86216830e-02
 2.39657767e-01
 1.02779857e-01
 7.81023234e-02
 4.56709079e-03
 1.62514783e-03
 1.35962365e-02
 5.39521852e-02
 1.59056071e-01
 4.59057242e-03
 2.40267120e-04
 1.89077970e-03
 3.20942197e-04
 3.05577025e-03
 1.19215694e-04
 2.71928704e-08
 8.17065895e-03
 1.98258573e-08
 1.12184816e-04
 7.43024912e-03
 1.98166778e-05
 3.38286459e-04
 3.30272503e-04
 4.03797972e-04
 3.95369752e-11
 4.45305079e-11
 5.97892265e-04
 4.35527406e-05
 3.67249864e-03
 2.94012390e-05
 1.48810958e-14
 4.12169507e-14
 1.21520174e-06
 4.27358478e-16
 2.01972397e-14
 7.71861496e-10
 2.85932361e-17
 2.34291647e-14
 3.44044421e-10
 5.80161271e-12
 5.27393961e-18
 6.76102002e-15
 2.29322647e-16
 1.94540129e-14
 9.99174674e-15
 3.37994295e-15
 5.97571001e-14
 3.48382012e-15
 9.23053657e-15
 2.97782240e-12
 1.15623996e-16
 3.27969635e-13
 1.56527282e-17
 8.65359506e-15
 2.92649066e-18
 1.89885893e-19
 3.30487741e-16
 1.33792304e-19
 2.32172339e-15
 3.77557209e-18
 6.66925807e-19
 6.36882243e-16
 6.79587743e-18
 2.41584242e-16
 4.35991765e-16
 9.11223458e-17
 2.63942253e-16
 3.25441648e-15
 4.97017787e-16
 1.19247500e-15
 3.27373544e-16
 1.23512282e-15
 5.92023125e-15
 1.08989459e-16
 5.08892245e-16
 6.68246322e-16
 3.49116622e-17
 1.80264519e-15
 1.73098378e-15
 8.02813645e-16
 9.60513642e-16
 2.33278981e-19
 2.01744258e-15
 3.62513522e-17
 5.65541905e-17
 5.30357372e-20
 6.40511551e-19
 2.94348168e-17
 7.62620945e-18
 4.15777906e-13
 8.20382502e-17
 1.94294089e-17
 1.09886377e-20
 5.69880761e-18
 4.09288727e-17
 3.73960022e-20
 8.50997865e-20
 3.40407971e-16
 1.88973834e-19
 3.32749028e-17
 2.82357146e-17
 8.29025945e-19
 2.23354301e-17
 3.83741066e-18
 3.80726154e-18
 4.62496683e-20
 3.99425936e-20
 2.22738750e-20
 5.41381810e-19
 2.29144214e-19
 8.68342414e-18
 5.07111370e-19
 3.66353923e-17
 9.09161701e-18
 1.79202514e-17
 6.60061412e-18
 6.55364044e-17
 3.56129180e-15
 1.78946141e-17
 3.40379736e-17
 5.03328301e-18
 3.08568550e-15
 1.03593923e-15
 3.12894451e-16
 2.10832208e-14
 5.34537148e-15
 5.28706793e-13
 8.49250399e-15
 3.53033790e-15
 1.34382509e-13
 3.23786969e-11
 3.18770427e-13
 1.88690538e-15
 1.71279264e-13
 3.89855869e-12
 4.11945688e-13
 3.28715248e-13
 1.05952095e-13
 7.31759555e-13
 5.26815807e-12
 2.46306753e-11
 2.71562426e-17
 3.81754971e-12
 2.66817309e-14
 1.93041853e-16
 2.37566268e-13
 4.45913520e-11
 5.95204025e-16
 1.20992392e-12
 1.91060956e-11
 1.13473709e-14
 1.02739225e-11
 1.41370416e-11
 3.27414943e-11
 7.77837010e-11
 2.29422583e-12
 5.34084832e-11
 1.26639063e-08
 1.71041314e-11
 4.24044778e-11
 9.79492086e-11
 4.16992050e-11
 4.45215717e-10
 5.41056566e-12
 1.11157467e-12
 1.64553619e-13
 2.31848354e-09
 1.80274296e-10
 6.38768582e-10
 6.43082776e-12
 2.43602384e-14
 2.32802374e-10
 5.83955796e-10
 8.83740446e-11
 5.90058539e-12
 4.36432018e-12
 2.42459309e-10
 2.28759273e-09
 2.73166360e-12
 1.14846729e-11
 3.14651027e-12
 5.36152185e-09
 4.90106720e-11
 8.38944318e-13
 1.56324082e-11
 3.78459269e-16
 8.05922449e-11
 2.87121257e-08
 8.18663222e-13
 3.26403919e-13
 3.06738557e-12
 2.24624594e-10
 3.92739298e-16
 1.50696931e-11
 1.71149881e-11
 1.13461455e-12
 3.10205111e-12
 1.01553965e-13
 4.39719583e-10
 1.78525885e-12
 3.36290889e-12
 5.10757069e-16
 1.06865879e-11
 2.01716241e-14
 6.86850050e-14
 1.80464718e-15
 1.40305501e-12
 1.29008558e-09
 2.50850333e-11
 5.79562339e-14
 3.92779978e-13
 2.42375589e-13
 4.15670305e-13
 4.27938080e-15
 7.22388918e-10
 1.19631807e-15
 8.69871394e-15
 9.19284724e-14
 5.76361525e-15
 1.96998043e-12
 2.61530281e-11
 1.13712240e-07
 1.80038479e-14
 4.53947390e-17
 5.43267123e-14
 4.94328710e-14
 7.57559201e-13
 2.85701603e-15
 9.66912259e-10
 8.38055629e-10
 3.71512418e-16
 1.56195562e-14
 1.82531404e-05
 4.74214178e-08
 1.80795529e-09
 3.42037996e-12
 3.71355208e-15
 1.23320420e-11
 1.44218179e-10
 1.31979401e-08
 1.91813130e-06
 1.11371385e-09
 6.03709636e-14
 4.32213257e-13
 9.80464849e-12
 7.74559382e-12
 3.37911603e-12
 1.05623895e-12
 1.34208513e-14
 9.30672485e-15
 3.38147505e-15
 6.32898607e-10
 5.80360669e-14
 7.37925321e-13
 1.43814064e-11
 4.12603055e-17
 2.78047091e-16
 7.47286839e-16
 7.16684070e-16
 4.89755172e-14
 8.02128016e-09
 3.60971886e-14
 2.00853246e-16
 2.25931937e-18
 2.26959345e-14
 1.30021639e-14
 5.82059057e-14
 6.61593749e-13
 2.61303764e-13
 4.01576044e-10
 4.95248933e-10
 3.52616995e-08
 8.12365702e-09
 1.27436971e-10
