2 1 28.29825428257392
3 1 30.07349085081023
4 1 29.01105135097382
5 1 24.92520364455792
1 2 30.26720717627922
6 2 28.23514302628946
7 2 26.33917867280118
1 3 30.21704566340678
5 3 23.9241448807101
1 4 30.00122871147282
8 4 28.21722252109813
1 5 26.18995058695277
3 5 25.04533701050839
9 5 29.56519344540374
10 5 30.32384590219247
2 6 30.37008046608301
11 6 25.97659823289823
2 7 29.50739373982658
12 7 28.29458498634518
4 8 30.24001888128081
13 8 28.65767702042289
5 9 29.93511505468697
11 9 28.21745727549684
14 9 25.87292057544958
5 10 29.61260892372837
15 10 27.27361487481831
6 11 25.97146992023451
9 11 30.6815507446539
16 11 17.21105792416192
17 11 -0.8215559933932113
18 11 30.84986182564623
19 11 15.25446273927025
7 12 30.2061877471843
8 13 30.63048076630449
20 13 26.77926587544465
9 14 30.99751301364179
21 14 27.88732617544762
22 14 16.45689717344626
23 14 30.62783230610784
24 14 30.32598109122643
10 15 31.225839969594
25 15 26.8486977699401
11 16 20.86188352184904
26 16 14.74135904874758
11 17 11.21500447170467
11 18 30.27331699203921
11 19 27.60699101549908
27 19 19.47256158498188
13 20 29.60386277750157
28 20 30.10117413841809
14 21 24.74527254598622
14 22 19.24163431575219
29 22 30.18075611795786
14 23 30.57520029426062
25 23 30.97989802181861
30 23 28.81880454463179
14 24 30.29732404457835
31 24 27.69757999863206
15 25 28.87257005256789
23 25 30.80287638512976
16 26 29.66056769929975
32 26 21.94250015416252
19 27 25.57112934744453
33 27 14.37348470881712
20 28 28.42791121666691
22 29 29.39330738075319
34 29 25.08266976080182
23 30 26.43407005685049
24 31 30.11646126571722
26 32 29.82740008331129
35 32 26.75841798595284
27 33 21.35856491582282
36 33 28.00779333007539
29 34 28.66173229221107
37 34 22.30363047547553
32 35 30.30864174114537
38 35 21.4843432693175
33 36 28.72109697751711
39 36 29.54217946147072
34 37 29.66524600827374
40 37 22.53554523568134
41 37 26.20012000580929
35 38 24.1887962693383
42 38 24.69218080070512
36 39 29.39374381199232
42 39 20.92190261041743
43 39 25.72268190894928
44 39 23.41471919437674
37 40 23.34357958006976
37 41 31.09078919795685
45 41 21.0089865188884
38 42 26.3825733516404
39 42 29.32086185029361
39 43 26.96548973847888
46 43 29.91833347491583
47 43 30.11326148538199
39 44 28.0413261190497
46 44 29.28279747676852
41 45 26.70682436102609
48 45 28.33009735854234
43 46 29.5277478176914
44 46 25.50841272440071
49 46 30.99944575696958
50 46 29.98135556857148
43 47 30.80657642297966
45 48 27.20786271441742
51 48 28.8894120890518
46 49 32.05307575494636
52 49 27.25766180906485
53 49 27.85015822771252
46 50 30.06059781461343
48 51 24.9807525293402
49 52 30.66320300296755
54 52 30.16193300295465
55 52 31.13515562782771
49 53 23.30536662750428
52 54 32.16163128573769
56 54 27.64497411995907
57 54 25.53297230553881
52 55 26.81976901356068
58 55 27.67523463647556
54 56 29.32181537429196
54 57 29.94494948577097
59 57 29.00467225441986
55 58 30.94039519784284
60 58 28.86801751342351
57 59 29.35480695935748
61 59 26.09873102235643
58 60 26.91852204699261
62 60 16.25738059068663
59 61 22.75871245047834
63 61 29.03115536039602
60 62 24.41252209626523
64 62 22.95344823801079
61 63 23.90312250034584
65 63 27.34534441493534
62 64 20.63205559730946
66 64 28.34331173779832
63 65 28.3147109541216
67 65 28.20695002948059
64 66 24.182004550084
68 66 27.73894814197968
65 67 29.18196520371769
69 67 31.15406760941093
66 68 28.24084115762349
70 68 28.7433842432762
67 69 27.57850240286476
71 69 28.25904134129215
68 70 28.11048876909573
72 70 29.56293160057178
73 70 26.7113100211275
69 71 29.26302334874585
74 71 28.65588193760449
70 72 29.98045555823218
75 72 27.68369853341423
76 72 25.57365478751555
77 72 28.20153163405031
70 73 25.8010101433674
78 73 27.76334074429401
79 73 29.27778723835064
71 74 27.05353741229631
80 74 27.37306807137501
72 75 28.78354921355738
72 76 25.13252034916529
72 77 27.48797663985853
81 77 28.23673336252925
82 77 25.49105156763578
73 78 31.3294455026958
83 78 23.64859587206887
73 79 28.89970251094428
74 80 28.60275367669682
84 80 29.17384985813738
77 81 28.05326759942529
85 81 26.36781583135387
86 81 27.38240664530129
77 82 25.12824023318307
87 82 21.0876423445272
78 83 28.65693700634128
88 83 30.38618999758192
89 83 30.84905742430233
80 84 29.02070910229331
90 84 25.23285823618945
81 85 29.4654617633879
91 85 31.67431066568816
92 85 29.59491647235483
81 86 30.03532995762405
82 87 30.89189983554848
83 88 29.37615792145074
93 88 30.8980883264584
83 89 26.01135900407121
84 90 30.81085324880273
94 90 22.08853242236699
85 91 22.32688083090202
85 92 28.77820754906877
95 92 27.00258618455492
88 93 27.48581235994588
96 93 28.24025313071145
90 94 28.63101682775896
97 94 28.45043398396505
92 95 29.66951482874852
98 95 25.67492490035175
93 96 27.49520522543986
99 96 29.30911560153632
94 97 27.22573197929168
100 97 29.26920714186984
95 98 29.87911261371432
96 99 27.19080653444565
101 99 27.56097399869003
97 100 27.64916238566971
99 101 29.88631536864941
102 101 22.03472068451026
101 102 22.19893647626402
103 102 27.89956697493835
104 102 25.78937016672798
102 103 31.42765845511289
102 104 26.02378360824111
105 104 26.84929939834723
104 105 28.61067577589293
106 105 25.54017775028522
105 106 25.54806540772132
107 106 23.67009692070731
106 107 28.08070808297111
108 107 29.20967889834213
107 108 29.35628992716934
109 108 25.83919013816795
108 109 26.42321893756742
110 109 29.89549389535122
109 110 26.70478358096592
111 110 28.61768423363209
112 110 31.92253850764446
110 111 29.47745745065257
110 112 29.14749207016168
113 112 28.68544200853891
114 112 24.35722917583946
112 113 31.5258825795688
115 113 30.12838507177322
116 113 26.51164405895494
112 114 22.91763033766445
117 114 22.27531203303295
118 114 28.29166548560923
113 115 27.24200765603685
119 115 30.04774571451832
120 115 29.39000439202565
113 116 22.94668798939506
121 116 28.26540635140312
114 117 23.98916411538105
122 117 28.75840415448922
114 118 27.71007448108719
115 119 24.07721987403167
123 119 27.30646106611593
115 120 28.71285739595068
124 120 27.79081516261412
125 120 26.1086784782799
116 121 27.62386101754942
117 122 29.02949439140637
126 122 30.14081680694407
119 123 27.44981057283617
127 123 22.85505131778267
120 124 23.73225117968271
120 125 23.24731233829126
122 126 21.80065648106258
128 126 31.26585878274128
129 126 26.6595026021605
123 127 22.30559411281543
130 127 28.48736899069941
126 128 28.04390227411067
131 128 29.50304310347028
132 128 27.71044764283391
133 128 27.51119276012081
126 129 27.56879621481855
127 130 28.90220644455486
134 130 23.12699192334899
128 131 30.8727868375102
135 131 26.85266112532235
128 132 23.59562567071361
136 132 24.58812541882057
128 133 28.01715559193548
137 133 28.9940760447126
138 133 28.40736593618418
130 134 23.75344738599608
139 134 31.21176462819569
131 135 26.61005605596485
140 135 30.8733528476205
132 136 26.70501920545247
141 136 26.95094635843915
133 137 28.7376557090986
142 137 27.73069760999088
133 138 28.37664524923378
143 138 21.95546251373471
144 138 29.76037909619354
134 139 27.18371569784473
135 140 29.42119621144644
145 140 28.13641784446611
146 140 22.93011511507681
147 140 24.95275242518873
148 140 27.66079839417037
149 140 22.16863464504688
136 141 26.64987248691688
150 141 29.39164162894882
137 142 23.63984121855088
151 142 28.73193608130392
138 143 31.35680270766478
138 144 27.30820690362345
140 145 31.44789072976261
140 146 31.1704153561801
140 147 26.07775780329025
140 148 23.55095515821223
152 148 22.02941999698884
153 148 29.40188102279574
140 149 29.2829376612744
141 150 30.86276494107031
142 151 28.98592128014266
154 151 28.11946489959326
148 152 30.305729136768
148 153 30.86981207759272
151 154 28.4206739119563
155 154 28.07478158206171
156 154 29.16870458097889
154 155 27.2349367870695
157 155 24.11878335555613
158 155 28.81058368316103
154 156 27.46357108751575
159 156 15.75403187582959
160 156 15.89832642905367
155 157 26.77703110837725
155 158 28.32125729950661
161 158 27.89445860830963
156 159 10.66145258847611
162 159 15.84868433846639
156 160 17.41293830261613
163 160 28.58760788321724
164 160 28.44747477088625
158 161 28.12517423990741
165 161 23.77094390683822
159 162 20.71074647158871
166 162 26.49173742893085
160 163 27.69644585671688
167 163 25.16868648782257
160 164 25.18823588428729
168 164 27.18518385172077
169 164 28.81616021697615
170 164 29.57272147961396
161 165 25.82984422465433
171 165 28.98710013917764
162 166 30.97040886227606
163 167 30.7036873658769
172 167 20.33692106368673
164 168 25.53507416754765
173 168 25.42529957089673
164 169 29.72023958295827
164 170 29.21173817061775
174 170 28.82631052054043
165 171 28.81435052102695
175 171 24.35324601418941
176 171 28.09730591020063
167 172 22.24720529639087
177 172 30.88033217819615
168 173 27.7237782631068
178 173 17.74873570948099
179 173 27.71572956879209
170 174 28.91602746465525
180 174 26.37379230174428
181 174 26.75877891469849
171 175 21.73277096506983
171 176 28.18335760958982
182 176 28.33781674925842
172 177 25.69206669720392
173 178 17.7080917273091
173 179 25.43066415295366
183 179 25.60416625453354
184 179 15.70685774255051
174 180 31.73870679074355
185 180 19.41274442392734
174 181 30.6875908443909
186 181 19.17724598218369
176 182 28.96657432835116
187 182 21.39638953544207
179 183 24.75241844549613
188 183 26.9092793835191
189 183 26.24869228520284
179 184 19.55007500329808
180 185 20.59326616498639
190 185 27.84702033376226
181 186 18.86891313005142
191 186 27.09321450410345
192 186 28.04351434347868
193 186 28.6723127755398
182 187 30.42208562484909
194 187 23.09039309572802
183 188 31.10688009567158
195 188 24.68920310986958
196 188 22.54635136211489
183 189 24.57062061561992
185 190 27.87149187831861
186 191 30.96218036572049
197 191 28.93961029252113
198 191 29.93009548418638
199 191 28.95720573385808
200 191 28.39408719434065
201 191 28.41893356023802
186 192 29.67203495997503
202 192 28.60044649607053
186 193 26.00722845185723
201 193 26.12961724107964
187 194 23.05335552094282
203 194 29.14877031469067
188 195 26.36591989232636
204 195 26.74110884251818
188 196 24.09579920841544
191 197 27.69369765924527
202 197 31.40686286704567
205 197 23.63320863498331
206 197 26.72379055424633
191 198 27.67841229111971
191 199 30.12475102880882
206 199 27.21958354212022
207 199 23.6266611498205
208 199 30.94112255154108
191 200 21.18833032957626
191 201 26.71975048902318
193 201 30.96448435516442
209 201 16.2787035819188
210 201 26.61278306795085
192 202 28.5084657493726
197 202 30.32034950850291
211 202 23.5878815837319
212 202 24.56462591043395
213 202 24.15485463160034
214 202 28.75419284849145
194 203 28.88602226841772
215 203 25.98798875307133
195 204 27.08480500132446
216 204 31.11285766296595
197 205 27.66298002302773
211 205 30.47458323266567
197 206 29.5283079078185
199 206 27.61064296746578
217 206 23.61064914754055
218 206 23.75875881304382
219 206 28.1916528838432
199 207 27.65688637978898
220 207 30.1325750076558
199 208 28.31530559505005
221 208 28.18989626006174
201 209 9.695803164927035
222 209 21.79256670401275
223 209 31.16704560130081
201 210 23.97007510226785
202 211 27.64875506605805
205 211 29.41917196840464
224 211 24.92121621318897
225 211 22.14863919751802
226 211 28.49494490929197
202 212 26.71193792727646
227 212 28.76971400754705
202 213 26.78492770626966
202 214 30.84486205712595
228 214 27.9661559791893
203 215 23.86231922203437
229 215 28.84824982008169
204 216 26.89928348784971
230 216 23.18251136911396
231 216 27.86560114063028
206 217 27.66093149318058
232 217 24.93563840905545
206 218 25.82511452852142
206 219 27.90017299046056
207 220 28.97137518552931
208 221 27.85052466053773
233 221 24.59502518546335
209 222 25.69106556289124
209 223 26.68808310951459
234 223 28.5694444710898
235 223 25.94497086257085
236 223 20.92228835063622
211 224 26.09031884314927
211 225 29.30068639836079
211 226 28.55961700160164
212 227 30.8423480043278
214 228 27.36594670335163
237 228 30.94364143756978
215 229 29.25228041630565
238 229 29.12753455451083
216 230 22.89096727438087
216 231 27.71708032150654
239 231 26.89520132679251
240 231 29.29620048161335
217 232 26.10505996045276
221 233 29.43228034388055
223 234 23.49102310261204
223 235 26.81956793417469
241 235 27.06530733946071
242 235 27.77944240183369
223 236 25.06376286733019
243 236 23.81235061922401
228 237 29.4362362007522
244 237 23.6407114559703
245 237 23.75307629031672
229 238 28.86532343340539
231 239 31.11408489489109
246 239 27.31879585157764
247 239 23.90030042982582
248 239 29.43316401892022
231 240 31.05595767657414
249 240 25.1012903278274
235 241 28.34432055295545
235 242 24.07940967127463
236 243 24.29684690442128
237 244 27.67771012463189
250 244 29.37924210856525
251 244 23.17536709643265
252 244 23.76130237338742
237 245 25.82166409768283
239 246 27.54814015493971
253 246 31.13249386633133
239 247 24.36537719947412
254 247 29.5052391944545
255 247 25.40869968105656
239 248 30.72775078478461
256 248 25.95917882073012
240 249 30.017903177205
244 250 30.88294079471969
257 250 26.2359273587939
258 250 23.3517032494887
244 251 25.04513811046209
244 252 26.64349860896973
259 252 29.35841259363601
260 252 22.75047856712951
246 253 26.96504024618172
261 253 22.5902567375872
262 253 27.03392306367867
247 254 34.39905395653228
247 255 27.75973647536844
248 256 24.51085681861187
263 256 22.6621877841222
250 257 32.02059129373575
250 258 27.22847760644188
264 258 26.37513769670722
252 259 30.86803079208483
265 259 26.25506573446659
252 260 24.30191074994835
253 261 32.05700172318988
253 262 24.49437998442669
256 263 28.64966422912158
266 263 26.27532564002727
258 264 26.70035366989143
259 265 32.05645123135896
263 266 26.73935481007971
267 266 21.65737565908252
266 267 22.21444567590122
268 267 31.02390862387812
267 268 29.52503759787943
269 268 26.90990050151894
268 269 24.47923562775037
270 269 25.33483430836107
271 269 32.17886378136969
269 270 26.26380242951888
269 271 25.77036328534919
272 271 27.69719360065363
271 272 27.48752998106851
273 272 27.87964303972722
272 273 23.61415091643144
274 273 15.99114217661392
275 273 24.60318435120871
273 274 17.45915912890259
273 275 30.22611510893016