 -1.28498853e+00
 -3.25394143e+00
 -1.42854334e+00
 -2.27516589e+00
 -2.54973547e+00
 -5.38887887e+00
 -6.42215649e+00
 -4.29796225e+00
 -2.91965708e+00
 -1.83849850e+00
 -5.38375055e+00
 -8.33375925e+00
 -6.27076600e+00
 -8.04424952e+00
 -5.79072359e+00
 -9.03457615e+00
 -1.74203110e+01
 -4.80720572e+00
 -1.77362788e+01
 -9.09536290e+00
 -4.90219589e+00
 -1.08289867e+01
 -7.99161751e+00
 -8.01559247e+00
 -7.81459587e+00
 -2.39537848e+01
 -2.38348466e+01
 -7.42209998e+00
 -1.00415379e+01
 -5.60688302e+00
 -1.04344737e+01
 -3.18386847e+01
 -3.08199268e+01
 -1.36206005e+01
 -3.53889085e+01
 -3.15332304e+01
 -2.09822160e+01
 -3.80933615e+01
 -3.13847948e+01
 -2.17902503e+01
 -2.58728852e+01
 -3.97837540e+01
 -3.26276026e+01
 -3.60114017e+01
 -3.15707230e+01
 -3.22370170e+01
 -3.33209176e+01
 -3.04484884e+01
 -3.32906470e+01
 -3.23162592e+01
 -2.65398288e+01
 -3.66961882e+01
 -2.87458554e+01
 -3.86958864e+01
 -3.23808015e+01
 -4.03727277e+01
 -4.31078636e+01
 -3.56459621e+01
 -4.34579983e+01
 -3.36964666e+01
 -4.01179798e+01
 -4.18516081e+01
 -3.49899469e+01
 -3.95302155e+01
 -3.59593134e+01
 -3.53689083e+01
 -3.69343286e+01
 -3.58708013e+01
 -3.33587634e+01
 -3.52379059e+01
 -3.43627454e+01
 -3.56554298e+01
 -3.43276060e+01
 -3.27604009e+01
 -3.67552805e+01
 -3.52142954e+01
 -3.49418748e+01
 -3.78937107e+01
 -3.39495213e+01
 -3.39900865e+01
 -3.47584091e+01
 -3.45790635e+01
 -4.29020519e+01
 -3.38369457e+01
 -3.78560550e+01
 -3.74113324e+01
 -4.43833210e+01
 -4.18920198e+01
 -3.80643535e+01
 -3.94149407e+01
 -2.85086252e+01
 -3.70393461e+01
 -3.84797438e+01
 -4.59574252e+01
 -3.97062747e+01
 -3.77346959e+01
 -4.47327231e+01
 -4.39104624e+01
 -3.56163869e+01
 -4.31126784e+01
 -3.79417282e+01
 -3.81059440e+01
 -4.16340355e+01
 -3.83403575e+01
 -4.01017338e+01
 -4.01096215e+01
 -4.45202327e+01
 -4.46668437e+01
 -4.52508725e+01
 -4.20601622e+01
 -4.29199354e+01
 -3.92851157e+01
 -4.21255563e+01
 -3.78455169e+01
 -3.92391789e+01
 -3.85606002e+01
 -3.95593690e+01
 -3.72639259e+01
 -3.32686531e+01
 -3.85620319e+01
 -3.79190549e+01
 -3.98304592e+01
 -3.34120026e+01
 -3.45034679e+01
 -3.57006658e+01
 -3.14902989e+01
 -3.28625454e+01
 -2.82683424e+01
 -3.23995925e+01
 -3.32773828e+01
 -2.96380861e+01
 -2.41535204e+01
 -2.87743052e+01
 -3.39038383e+01
 -2.93954810e+01
 -2.62704142e+01
 -2.85178849e+01
 -2.87435845e+01
 -2.98757893e+01
 -2.79433244e+01
 -2.59693403e+01
 -2.44270285e+01
 -3.81449247e+01
 -2.62914123e+01
 -3.12547973e+01
 -3.61836247e+01
 -2.90683298e+01
 -2.38334812e+01
 -3.50576274e+01
 -2.74404636e+01
 -2.46810137e+01
 -3.21097903e+01
 -2.53014122e+01
 -2.49822227e+01
 -2.41423779e+01
 -2.32770892e+01
 -2.68006257e+01
 -2.36530515e+01
 -1.81845099e+01
 -2.47917011e+01
 -2.38837672e+01
 -2.30465721e+01
 -2.39005391e+01
 -2.15324622e+01
 -2.59426675e+01
 -2.75252435e+01
 -2.94355399e+01
 -1.98823525e+01
 -2.24365416e+01
 -2.11714789e+01
 -2.57699179e+01
 -3.13458242e+01
 -2.21808312e+01
 -2.12611958e+01
 -2.31494428e+01
 -2.58559696e+01
 -2.61575587e+01
 -2.21401872e+01
 -1.98957658e+01
 -2.66261103e+01
 -2.51900078e+01
 -2.64847271e+01
 -1.90440180e+01
 -2.37389830e+01
 -2.78066321e+01
 -2.48816749e+01
 -3.55104232e+01
 -2.32416187e+01
 -1.73659463e+01
 -2.78311036e+01
 -2.87506408e+01
 -2.65101955e+01
 -2.22165906e+01
 -3.54733856e+01
 -2.49183355e+01
 -2.47910665e+01
 -2.75047281e+01
 -2.64989576e+01
 -2.99181861e+01
 -2.15448839e+01
 -2.70514577e+01
 -2.64182148e+01
 -3.52106376e+01
 -2.52620316e+01
 -3.15344995e+01
 -3.03092455e+01
 -3.39484113e+01
 -2.72923691e+01
 -2.04685573e+01
 -2.44087497e+01
 -3.04790883e+01
 -2.85655268e+01
 -2.90482878e+01
 -2.85088840e+01
 -3.30849681e+01
 -2.10484575e+01
 -3.43595278e+01
 -3.23756012e+01
 -3.00177656e+01
 -3.27872115e+01
 -2.69529975e+01
 -2.43670561e+01
 -1.59895948e+01
 -3.16481909e+01
 -3.76311355e+01
 -3.05437603e+01
 -3.06381608e+01
 -2.79086747e+01
 -3.34889987e+01
 -2.07569134e+01
 -2.08999366e+01
 -3.55289494e+01
 -3.17902527e+01
 -1.09111734e+01
 -1.68641919e+01
 -2.01310693e+01
 -2.64012695e+01
 -3.32267875e+01
 -2.51188202e+01
 -2.26596938e+01
 -1.81432051e+01
 -1.31641591e+01
 -2.06155656e+01
 -3.04382681e+01
 -2.84698573e+01
 -2.53481645e+01
 -2.55838970e+01
 -2.64134070e+01
 -2.75763067e+01
 -3.19419668e+01
 -3.23080392e+01
 -3.33204644e+01
 -2.11807109e+01
 -3.04777117e+01
 -2.79349338e+01
 -2.49650850e+01
 -3.77266308e+01
 -3.58187412e+01
 -3.48300826e+01
 -3.48718966e+01
 -3.06474559e+01
 -1.86411678e+01
 -3.09525614e+01
 -3.61439572e+01
 -4.06314681e+01
 -3.14165906e+01
 -3.19736606e+01
 -3.04747896e+01
 -2.80441247e+01
 -2.89730928e+01
 -2.16356242e+01
 -2.14259606e+01
 -1.71604685e+01
 -1.86284854e+01
 -2.27833992e+01
